<?xml version="1.0"?>
<opencv_storage>
<calibration_Time>"09/09/13 15:02:00"</calibration_Time>
<nrOfFrames>25</nrOfFrames>
<image_Width>640</image_Width>
<image_Height>480</image_Height>
<board_Width>8</board_Width>
<board_Height>5</board_Height>
<square_Size>26.</square_Size>
<FixAspectRatio>1.</FixAspectRatio>
<!-- flags:  +fix_aspectRatio +fix_principal_point +zero_tangent_dist -->
<flagValue>14</flagValue>
<Camera_Matrix type_id="opencv-matrix">
  <rows>3</rows>
  <cols>3</cols>
  <dt>d</dt>
  <data>
    5.7474424296579537e+002 0. 3.1950000000000000e+002 0.
    5.7474424296579537e+002 2.3950000000000000e+002 0. 0. 1.</data></Camera_Matrix>
<Distortion_Coefficients type_id="opencv-matrix">
  <rows>5</rows>
  <cols>1</cols>
  <dt>d</dt>
  <data>
    4.2106305934849914e-001 -2.7627299570864272e+000 0. 0.
    4.3496752876344758e+000</data></Distortion_Coefficients>
<Avg_Reprojection_Error>3.0193969560607123e+000</Avg_Reprojection_Error>
<Per_View_Reprojection_Errors type_id="opencv-matrix">
  <rows>25</rows>
  <cols>1</cols>
  <dt>f</dt>
  <data>
    6.63081229e-001 5.03336608e-001 4.85366195e-001 7.51152694e-001
    5.71497059e+000 5.78572607e+000 3.08718592e-001 1.61193356e-001
    2.32129693e-001 2.18005002e-001 1.97402060e-001 1.74180126e+000
    1.64198232e+000 4.93820190e+000 6.46955872e+000 6.14173937e+000
    4.85665941e+000 6.57841682e-001 3.67658043e+000 3.53453732e+000
    2.15765864e-001 2.56381541e-001 2.62523472e-001 2.99544066e-001
    1.89563394e-001</data></Per_View_Reprojection_Errors>
<!-- a set of 6-tuples (rotation vector + translation vector) for each view -->
<Extrinsic_Parameters type_id="opencv-matrix">
  <rows>25</rows>
  <cols>6</cols>
  <dt>d</dt>
  <data>
    -1.2126253521178054e-002 -5.6247854748813453e-001
    -1.5172039217642455e+000 -1.2502452988330272e+002
    1.3696778378425913e+002 3.8766574322199875e+002
    7.7229137239554005e-002 -4.8763472037342237e-001
    -1.5886627544004224e+000 -1.3281225117896017e+002
    8.7479937977907909e+001 3.8222709518090545e+002
    6.9558983545535316e-002 -4.8026349432829574e-001
    -1.5864894017926068e+000 -1.3774081116802896e+002
    8.3868724677191494e+001 3.8404992961835569e+002
    -4.8792082380257906e-001 8.1473019974103988e-001
    2.9202443001853853e+000 4.0846061205374767e+001
    1.0049271645033289e+002 3.4347018271711204e+002
    -1.6061239652228729e-001 1.1415847818862657e+000
    2.7203601068912984e+000 2.0578512581261538e+002
    3.1631186531289717e+002 1.2261011945592545e+003
    -1.1789754475113895e-001 1.2259328645810930e+000
    2.5144160927268184e+000 1.6126735570225642e+002
    2.5108581720190068e+002 1.2958048255965637e+003
    3.9196968128089504e-001 8.4801251224475363e-002
    -5.2356289876257130e-002 -1.0387910363508610e+002
    -1.7669819343298818e+002 6.1598913953107285e+002
    -2.9352948886547110e-002 2.5014379576535010e-002
    -6.7217786974986968e-002 -5.7918180898725907e+001
    4.7430449130969601e+000 1.0911403762001580e+003
    -7.4298579242145862e-002 -2.4146331165993785e-002
    -3.5012905793027668e-002 -7.1944467675756442e+001
    -2.0801523596822204e+001 1.0184003964182027e+003
    -8.6080314121610213e-002 3.8410194271248282e-002
    -4.1791963540193898e-002 -6.6781742449461134e+001
    -1.8008391983294185e+001 1.0479098893848129e+003
    -1.2437181807389916e-001 8.5617111859851974e-003
    -4.0820576290520487e-002 -7.8744240330270529e+001
    2.0363791700492570e+001 1.1276340050441063e+003
    -3.6483392069844894e-001 -3.1540963509334656e-002
    -1.0734494637587915e+000 -2.9515664197627409e+001
    1.8454565572656099e+002 1.1522857595393357e+003
    -2.4333806019516052e-001 2.9564506746090614e-002
    -1.1001291997315907e+000 -3.3681508372311463e+001
    1.9148999033379192e+002 1.1398459830799975e+003
    -6.0910236745330737e-001 -7.7930143616689901e-002
    4.4316766460936347e-001 -8.2871351936243173e+001
    4.9382483322157661e+001 1.2254791795149220e+003
    -4.6995112996153426e-001 -8.3682422185046582e-002
    1.1921131625553465e+000 5.0981153418589678e+000
    3.6628455273490736e+001 1.2836075569142981e+003
    2.9611664879317512e-001 4.0663223385599195e-001
    1.2409047973566107e+000 5.2837196655249405e+000
    4.4927474187835102e+001 1.2427635412545908e+003
    -4.9487046288938369e-001 5.8079288555265909e-002
    -4.0541213060102527e-001 -4.3817143980292855e+001
    1.5755812399664967e+002 1.1961665710748102e+003
    1.0336743021991207e-001 -9.6583517104744943e-002
    -4.6688025473795525e-001 6.2117112250073090e+000
    1.2812727382485642e+002 1.0454621552630626e+003
    7.1665015725871928e-001 -2.7258936427748914e-001
    -2.6261803323982086e-001 -5.8381203162946910e+001
    1.3669564990208738e+002 9.9754509447468263e+002
    7.6440756517218078e-001 -2.2333539817602818e-001
    -3.5367657956519485e-002 -1.0801181180763727e+002
    1.4759978065614573e+002 1.0025296489083685e+003
    -2.2250941507524960e-001 -1.1836077392390112e-001
    1.0606016835742589e+000 2.9389855736403678e+001
    -5.2641333675554790e+001 9.1210538991289513e+002
    -3.0037980956954835e-001 -1.1518664014887972e-001
    1.0439193515292895e+000 7.8208693192747589e+001
    -4.3517141144344869e+001 8.9315736625824320e+002
    -1.9778753802203303e-001 -1.6294522390395924e-001
    2.4240453927468947e-002 -3.5070471893948209e+001
    -4.7177819571445724e+001 8.9462793205589116e+002
    -5.5695382257519126e-002 -2.5024726893495247e-001
    -6.8961053122411597e-001 -1.3949591944946360e+002
    8.6008270621013793e+001 9.7103393991659129e+002
    -2.4574113384971709e-002 -7.3186440037236691e-002
    8.8190041107918199e-002 -1.5942115061705275e+001
    5.8544403616691323e+000 8.9048498319438113e+002</data></Extrinsic_Parameters>
