<?xml version="1.0"?>
<opencv_storage>
<calibration_Time>"09/11/13 15:18:20"</calibration_Time>
<nrOfFrames>25</nrOfFrames>
<image_Width>640</image_Width>
<image_Height>480</image_Height>
<board_Width>8</board_Width>
<board_Height>5</board_Height>
<square_Size>26.</square_Size>
<FixAspectRatio>1.</FixAspectRatio>
<!-- flags:  +fix_aspectRatio +fix_principal_point +zero_tangent_dist -->
<flagValue>14</flagValue>
<Camera_Matrix type_id="opencv-matrix">
  <rows>3</rows>
  <cols>3</cols>
  <dt>d</dt>
  <data>
    4.8803126222480824e+002 0. 3.1950000000000000e+002 0.
    4.8803126222480824e+002 2.3950000000000000e+002 0. 0. 1.</data></Camera_Matrix>
<Distortion_Coefficients type_id="opencv-matrix">
  <rows>5</rows>
  <cols>1</cols>
  <dt>d</dt>
  <data>
    -6.4496234859157231e-002 -6.2788783985312902e-001 0. 0.
    5.4282508168022825e-001</data></Distortion_Coefficients>
<Avg_Reprojection_Error>0.</Avg_Reprojection_Error>
<!-- a set of 6-tuples (rotation vector + translation vector) for each view -->
<Extrinsic_Parameters type_id="opencv-matrix">
  <rows>25</rows>
  <cols>6</cols>
  <dt>d</dt>
  <data>
    3.7423665544216661e-001 5.8597400468071559e-001
    2.8468623241953663e+000 8.3309751425114911e+001
    2.2594542374315807e+001 5.4663318778150949e+002
    1.0473804237963633e+000 -5.5037308126709206e-001
    -2.8587207131175587e+000 2.3231834193342536e+002
    8.7777457041837906e+001 6.3909957295480854e+002
    9.4187332689926417e-001 6.1984839365258082e-001
    2.7161598399463855e+000 -1.6143537113490362e+002
    1.8158027552060929e+002 5.1078217810271678e+002
    7.6671740641689701e-001 5.8694978853604818e-001
    2.7670801715674496e+000 -1.3752312141166104e+002
    1.7127597654143142e+002 5.2268302514910704e+002
    2.3194367836943497e-001 6.5349905397506025e-001
    2.9167068438377992e+000 8.3339414841910919e+000
    1.0908563826829372e+002 5.3259747451233989e+002
    2.1702961294495737e-001 6.3063705716563712e-001
    2.9525501736704172e+000 -1.1698310307283513e+000
    1.2069168097055736e+002 5.3540928473891177e+002
    3.0802337813584699e-002 6.0463358664837819e-001
    2.9722593426715576e+000 3.6423773851007361e+001
    1.1200270561347594e+002 5.5330881233508694e+002
    -3.2701119910626208e-001 6.4969589489941815e-001
    2.9838629961040075e+000 1.3813473782998105e+002
    1.1086850322845528e+002 5.7886989017498058e+002
    -6.7692623578062516e-001 6.3237896389397363e-001
    2.9695105009785352e+000 2.2492763469265202e+002
    1.2349881227275493e+002 6.2764602934576124e+002
    -1.5975629735760399e-001 -3.0500994109697005e-001
    1.6301239969744448e+000 5.4404778533185174e+002
    -2.8125866775692936e+002 8.6131029514113220e+002
    -3.0018648436371281e-001 3.1443983630293115e-001
    2.3861359173106544e+000 5.0958767909941929e+002
    1.4480869281607565e+002 7.9097462665455282e+002
    -1.3311910848770092e-001 4.7305226664955652e-001
    2.6046425275737906e+000 4.2264275471609068e+002
    2.3615421386467133e+002 7.3935780441805946e+002
    -6.9727893601749491e-001 -5.2077358591216649e-001
    -2.8437332714105725e+000 -1.7257865488934689e+002
    3.3844308576378552e+002 6.8008054817073469e+002
    -8.6244007141587731e-001 -4.0958111507692718e-001
    -2.7245448201140343e+000 -2.5771501789865783e+002
    3.2512457266843302e+002 7.1520494756503456e+002
    8.0346249680743365e-001 -7.5492476279161358e-001
    -2.1523523520466532e+000 -2.5645274108291181e+002
    2.6325376275565196e+002 8.6374486989713546e+002
    6.9744304150391989e-001 -7.7190584908074988e-001
    -2.2108993354868725e+000 -2.4539760355982219e+002
    2.7174108411795129e+002 8.6759833813199054e+002
    7.5658011400061209e-001 -8.0932558453654158e-001
    -2.2004561290016689e+000 -2.3899463090939778e+002
    2.8191639751410543e+002 8.8122737032261182e+002
    5.9102752510488121e-001 -5.9261939009129327e-001
    -2.3653558852891847e+000 -1.8949980616771850e+002
    2.8128525356822826e+002 8.5474415405412083e+002
    4.3035593513559200e-001 -5.5777359046552966e-001
    -2.5547904141102955e+000 -1.0095840580223563e+002
    2.8920815297143025e+002 8.5162281272628559e+002
    2.6561061383074142e-002 1.5747023161315613e-002
    2.1372348240025452e+000 5.0934205986069298e+002
    -9.4188671418600620e+001 8.6231353073718719e+002
    8.7504235935762342e-002 -1.0771432576783385e-001
    2.0766354339524113e+000 5.1622501397187284e+002
    -1.0650248558928313e+002 8.7158867082469112e+002
    -4.9272231119405524e-001 -2.2393920240336171e-001
    2.9729001373759778e+000 -2.5253710357601800e+001
    -2.1675661701264783e+001 9.5004974884960109e+002
    2.2077639707881377e-001 -5.1890182591826260e-003
    1.5999768276499029e+000 1.5599907053003015e+001
    -2.6080644855604464e+002 6.1061607678580810e+002
    2.4885501899945187e-001 1.2179228380770409e-001
    1.5874738433887412e+000 2.5665235989682106e+001
    -2.4674445897088549e+002 6.2102461762849941e+002
    4.9460722175429289e-001 2.6153194437930816e-001
    1.6501999847112132e+000 4.3467031826169674e+001
    -2.2059991335842906e+002 5.9765516985137992e+002</data></Extrinsic_Parameters>
