<?xml version="1.0"?>
<opencv_storage>
<calibration_Time>"09/13/13 11:46:27"</calibration_Time>
<nrOfFrames>25</nrOfFrames>
<image_Width>640</image_Width>
<image_Height>480</image_Height>
<board_Width>8</board_Width>
<board_Height>5</board_Height>
<square_Size>26.</square_Size>
<FixAspectRatio>1.</FixAspectRatio>
<!-- flags:  +fix_aspectRatio +fix_principal_point +zero_tangent_dist -->
<flagValue>14</flagValue>
<Camera_Matrix type_id="opencv-matrix">
  <rows>3</rows>
  <cols>3</cols>
  <dt>d</dt>
  <data>
    7.1937006287944678e+002 0. 3.1950000000000000e+002 0.
    7.1937006287944678e+002 2.3950000000000000e+002 0. 0. 1.</data></Camera_Matrix>
<Distortion_Coefficients type_id="opencv-matrix">
  <rows>5</rows>
  <cols>1</cols>
  <dt>d</dt>
  <data>
    1.6100740421111759e-001 -6.8080103607852482e-001 0. 0.
    1.0558835281089709e+000</data></Distortion_Coefficients>
<Avg_Reprojection_Error>1.4217259903855772e+000</Avg_Reprojection_Error>
<Per_View_Reprojection_Errors type_id="opencv-matrix">
  <rows>25</rows>
  <cols>1</cols>
  <dt>f</dt>
  <data>
    1.75273252e+000 2.77862966e-001 3.92343074e-001 3.92398667e+000
    3.84248137e+000 2.33823538e-001 5.14200687e-001 4.43902552e-001
    4.20761168e-001 3.38162422e-001 2.84173101e-001 8.28741312e-001
    6.65244460e-001 7.65106797e-001 4.37050313e-001 4.44487572e-001
    3.19830918e+000 3.49807620e-001 5.58592081e-001 4.42030817e-001
    4.14348334e-001 4.63705420e-001 5.81994712e-001 7.73559988e-001
    1.37574816e+000</data></Per_View_Reprojection_Errors>
<!-- a set of 6-tuples (rotation vector + translation vector) for each view -->
<Extrinsic_Parameters type_id="opencv-matrix">
  <rows>25</rows>
  <cols>6</cols>
  <dt>d</dt>
  <data>
    -4.3904362088416854e-001 -5.1677738643703763e-001
    -4.8026679709541900e-002 4.7917865315085866e+000
    -7.0274192579208673e+001 4.7542934191050426e+002
    -1.0295193805574485e-001 2.0874177048152781e-002
    1.6549224957480244e-001 -7.2334313059092992e+001
    -1.0748269582917069e+002 6.4182984420559353e+002
    -2.8008099403510650e-001 3.9733330901427316e-001
    9.0148503494322330e-001 8.4252538886064926e+001
    -9.5469120952523312e+001 7.1410330306868946e+002
    -1.1280238149334285e+000 -5.6906564416546590e-001
    1.2259377825665427e+000 6.6883989383460872e+001
    -5.7622515979228082e+000 8.2964533792412374e+002
    -1.1377103924575642e+000 -5.7951432694457761e-001
    1.2314810871035407e+000 6.1994657205405034e+001
    -4.0748305744106998e+000 8.4290154743186122e+002
    9.0424266704934989e-002 5.1223238432780804e-001
    1.2088743444056866e+000 1.7928154073490700e+002
    -9.5184692240777480e+001 7.3705496821521297e+002
    5.2185975799730711e-001 7.4245032569994862e-001
    1.1505505461145251e+000 1.9911648162282810e+002
    -8.6093712759013457e+001 6.8220151338886262e+002
    6.1529065364488789e-001 1.8884818108283641e-001
    2.2093574022801074e-001 -5.3211145747816857e+001
    -1.7569992266324218e+002 7.2586419224966983e+002
    6.1075984496914670e-001 2.0617033990331465e-001
    4.3243817215840440e-002 -1.1773477133290255e+002
    -1.5504020892635646e+002 7.4075803584644655e+002
    3.2926261669684520e-001 -6.1460950859162922e-001
    -1.3040812782121973e+000 -2.5323848630186473e+002
    1.8139384648116285e+002 7.1042092247047947e+002
    2.5974168324767816e-001 -5.5614918043514383e-001
    -1.4263345245877894e+000 -2.5484449127450782e+002
    2.0885009962836307e+002 6.9282802878035022e+002
    -1.8591769196500083e-001 -6.2615553685198844e-001
    -8.1525106138186931e-001 -3.0327465235968845e+002
    6.5063933929780561e+001 7.0099214337321098e+002
    -1.0084454692717666e+000 -5.4047540894457424e-001
    1.4320871203958130e+000 -1.8961423885015770e+002
    1.7310282527157224e+001 7.3065521526099110e+002
    -1.1943713455354903e+000 -4.7660555377922448e-001
    1.5448154887028864e+000 -1.6941493876181090e+002
    2.3392127800149538e+001 6.8802442860798033e+002
    -3.7557202567449455e-001 -6.7518848693487010e-001
    1.2739374734226691e-001 -1.9059535501651183e+002
    -3.7220529051128857e+001 5.3505410759639528e+002
    -3.6888307620197069e-001 9.0092160871756810e-002
    2.2796055635994875e-001 -6.8494697536466603e+001
    -1.0753418561845186e+002 7.2227139001226260e+002
    -1.1218269349933709e+000 -1.9384117770502757e-001
    -6.9478653142780438e-003 -1.2290434688506492e+002
    -1.2564832769519968e+002 8.1803311779742830e+002
    -4.9373443822082014e-001 -1.9134426717239594e-001
    1.3744489255752465e-002 -1.1600658410504271e+002
    -8.5664062031637954e+001 7.8262402217900808e+002
    1.9362927474925362e-001 -1.6339811629937628e-001
    1.0973370390952578e-001 -9.2416782560123679e+001
    9.2866092039707439e+001 6.6577150540263847e+002
    1.4706479183643198e-001 -1.6044944421026847e-001
    4.8011302969821347e-002 -1.0536138730893113e+002
    3.6685812076671120e+001 6.7189726587350026e+002
    -2.3627538113539179e-001 -1.0469229678398648e-001
    -1.9104972528510270e-001 -4.5091353214428260e+001
    6.3343681618981220e+000 5.9659785007530286e+002
    -5.0035693505715650e-001 -3.9977088492319630e-002
    -6.7717165546081803e-001 -4.5026641202728818e+001
    4.5711125533414560e+001 5.8794264856417408e+002
    -4.7215246144172396e-001 2.0107229321510434e-001
    -1.4453175663892193e+000 5.1830121590298603e+001
    1.4213063551304276e+002 5.3226550202543717e+002
    -5.8074068668291878e-001 -4.2682824263356295e-001
    4.4951024929038741e-001 -9.8389772254937000e+001
    -4.7841791772409223e+001 4.8194674473631261e+002
    -3.9451904984976272e-001 -3.3005593878752248e-001
    3.6799902908349941e-001 -1.2202994430188232e+002
    -4.7775130521471354e+001 4.4487642733865221e+002</data></Extrinsic_Parameters>
